-73.337555  -4.82192605
 9.36299101   14.79378288
       33.74875017  10.02043701
       133.04981839   92.18760616
       -105.00396348  -69.46640213
         32.54560694   43.96449265
        -78.01174375   61.08025333
         92.03366094  -51.6208306 
         17.22114877   54.92524147
        -87.14266467  128.5875058 
        -35.76597696 -161.63324815
        156.36709765  -55.60266369
         41.00897625  -54.92133061
        129.50005618  -39.14660553
        101.99767049    5.91893179
        120.62635591   39.32842524
         58.91037616  -29.52086718
       -116.99548555  -35.64041842
        -49.26778003   18.11377985
         91.22017504   26.95527778
          5.98350205  -29.65544224
         73.8606758   -67.33527561
        -57.11269196  -23.38066312
         10.29413585   19.91249178
        -76.57980277   36.15112039
         40.91217006  -17.81387299
         51.88700332  -69.65988091
         57.41048001 -119.28130887
        -66.49323658  -92.43371661
         10.46455101  -80.23934518